13480253104	180	200	380
13502468823	102	7335	7437
13560439658	5892	400	6292
13600217502	186852	200	187052
13602846565	12	1938	1950
13660577991	9	6960	6969
13719199419	0	200	200
13726230503	2481	24681	27162
13760778710	120	200	320
13823070001	180	200	380
13826544101	0	200	200
13922314466	3008	3720	6728
13925057413	63	11058	11121
13926251106	0	200	200
13926435656	1512	200	1712
15013685858	27	3659	3686
15920133257	20	3156	3176
15989002119	3	1938	1941
18211575961	12	1527	1539
18320173382	18	9531	9549
84138413	4116	1432	5548
